{
"STATUS": 0,
"ITER": 20,
"CPU": -9.9863800000e-01,
"MFLUX": [
[ 2.1253911559e+00, 2.9775780062e+00, 3.0653574198e+00, 3.1284367143e+00, 3.1361103329e+00, 3.1361103329e+00, 3.1284367143e+00, 3.0653574198e+00, 2.9775780062e+00, 2.1253911559e+00 ],
[ 2.9775780062e+00, 4.2583786260e+00, 4.4193055497e+00, 4.5106205390e+00, 4.5305920359e+00, 4.5305920359e+00, 4.5106205390e+00, 4.4193055497e+00, 4.2583786260e+00, 2.9775780062e+00 ],
[ 3.0653574198e+00, 4.4193055497e+00, 4.6623758634e+00, 4.7612176619e+00, 4.7958601198e+00, 4.7958601198e+00, 4.7612176619e+00, 4.6623758634e+00, 4.4193055497e+00, 3.0653574198e+00 ],
[ 3.1284367143e+00, 4.5106205390e+00, 4.7612176619e+00, 4.8607745154e+00, 4.9035439477e+00, 4.9035439477e+00, 4.8607745154e+00, 4.7612176619e+00, 4.5106205390e+00, 3.1284367143e+00 ],
[ 3.1361103329e+00, 4.5305920359e+00, 4.7958601198e+00, 4.9035439477e+00, 4.9330918929e+00, 4.9330918929e+00, 4.9035439477e+00, 4.7958601198e+00, 4.5305920359e+00, 3.1361103329e+00 ],
[ 3.1361103329e+00, 4.5305920359e+00, 4.7958601198e+00, 4.9035439477e+00, 4.9330918929e+00, 4.9330918929e+00, 4.9035439477e+00, 4.7958601198e+00, 4.5305920359e+00, 3.1361103329e+00 ],
[ 3.1284367143e+00, 4.5106205390e+00, 4.7612176619e+00, 4.8607745154e+00, 4.9035439477e+00, 4.9035439477e+00, 4.8607745154e+00, 4.7612176619e+00, 4.5106205390e+00, 3.1284367143e+00 ],
[ 3.0653574198e+00, 4.4193055497e+00, 4.6623758634e+00, 4.7612176619e+00, 4.7958601198e+00, 4.7958601198e+00, 4.7612176619e+00, 4.6623758634e+00, 4.4193055497e+00, 3.0653574198e+00 ],
[ 2.9775780062e+00, 4.2583786260e+00, 4.4193055497e+00, 4.5106205390e+00, 4.5305920359e+00, 4.5305920359e+00, 4.5106205390e+00, 4.4193055497e+00, 4.2583786260e+00, 2.9775780062e+00 ],
[ 2.1253911559e+00, 2.9775780062e+00, 3.0653574198e+00, 3.1284367143e+00, 3.1361103329e+00, 3.1361103329e+00, 3.1284367143e+00, 3.0653574198e+00, 2.9775780062e+00, 2.1253911559e+00 ]
],
"MFLOW": [
[
[ 9.5270533763e-01, 2.0645996455e+00, 2.2408557017e+00, 2.2691190000e+00, 2.2817772304e+00, 2.2832552974e+00, 2.2819324095e+00, 2.2695699136e+00, 2.2431057329e+00, 2.0787648274e+00 ],
[ 1.4894340699e+00, 3.6715831165e+00, 4.4717697524e+00, 4.6078681948e+00, 4.6454497183e+00, 4.6551047144e+00, 4.6517885846e+00, 4.6267568282e+00, 4.5666473910e+00, 4.2366590168e+00 ],
[ 1.3353434123e+00, 3.3575181806e+00, 4.3484122610e+00, 4.7169796246e+00, 4.7983883117e+00, 4.8188080503e+00, 4.8155048491e+00, 4.7862014435e+00, 4.7073460624e+00, 4.3465931420e+00 ],
[ 1.4530077162e+00, 3.5508732219e+00, 4.3959942342e+00, 4.7220160427e+00, 4.8796233578e+00, 4.9168076979e+00, 4.9142043460e+00, 4.8820291785e+00, 4.7953795331e+00, 4.4115929945e+00 ],
[ 1.3956112484e+00, 3.5166150602e+00, 4.4910000861e+00, 4.7881085784e+00, 4.8830920924e+00, 4.9406317236e+00, 4.9457378046e+00, 4.9149884443e+00, 4.8263565211e+00, 4.4419936105e+00 ],
[ 1.4309715939e+00, 3.5181285664e+00, 4.4299058691e+00, 4.8015068513e+00, 4.9214459315e+00, 4.9386949690e+00, 4.9496099638e+00, 4.9221928488e+00, 4.8313900801e+00, 4.4418093119e+00 ],
[ 1.4086729587e+00, 3.5269512286e+00, 4.4573177283e+00, 4.7548044670e+00, 4.8911825088e+00, 4.9452387810e+00, 4.9339560764e+00, 4.9058603842e+00, 4.8217093084e+00, 4.4390930746e+00 ],
[ 1.4095422970e+00, 3.4806352857e+00, 4.4015335680e+00, 4.7452047596e+00, 4.8406947243e+00, 4.8802496217e+00, 4.8964700955e+00, 4.8604483833e+00, 4.7774005975e+00, 4.4043980245e+00 ],
[ 1.3826985314e+00, 3.4378069440e+00, 4.3110641271e+00, 4.6057893112e+00, 4.7388772031e+00, 4.7663607719e+00, 4.7640601989e+00, 4.7494529160e+00, 4.6797589556e+00, 4.3350092230e+00 ],
[ 1.2345595296e+00, 3.0346680190e+00, 3.8120063550e+00, 4.0814224331e+00, 4.1605279308e+00, 4.2055923046e+00, 4.2141208395e+00, 4.1901407797e+00, 4.1547280927e+00, 3.9138662379e+00 ]
],
[
[ 9.5270533763e-01, 1.4894340699e+00, 1.3353434123e+00, 1.4530077162e+00, 1.3956112484e+00, 1.4309715939e+00, 1.4086729587e+00, 1.4095422970e+00, 1.3826985314e+00, 1.2345595296e+00 ],
[ 2.0645996455e+00, 3.6715831165e+00, 3.3575181806e+00, 3.5508732219e+00, 3.5166150602e+00, 3.5181285664e+00, 3.5269512286e+00, 3.4806352857e+00, 3.4378069440e+00, 3.0346680190e+00 ],
[ 2.2408557017e+00, 4.4717697524e+00, 4.3484122610e+00, 4.3959942342e+00, 4.4910000861e+00, 4.4299058691e+00, 4.4573177283e+00, 4.4015335680e+00, 4.3110641271e+00, 3.8120063550e+00 ],
[ 2.2691190000e+00, 4.6078681948e+00, 4.7169796246e+00, 4.7220160427e+00, 4.7881085784e+00, 4.8015068513e+00, 4.7548044670e+00, 4.7452047596e+00, 4.6057893112e+00, 4.0814224331e+00 ],
[ 2.2817772304e+00, 4.6454497183e+00, 4.7983883117e+00, 4.8796233578e+00, 4.8830920924e+00, 4.9214459315e+00, 4.8911825088e+00, 4.8406947243e+00, 4.7388772031e+00, 4.1605279308e+00 ],
[ 2.2832552974e+00, 4.6551047144e+00, 4.8188080503e+00, 4.9168076979e+00, 4.9406317236e+00, 4.9386949690e+00, 4.9452387810e+00, 4.8802496217e+00, 4.7663607719e+00, 4.2055923046e+00 ],
[ 2.2819324095e+00, 4.6517885846e+00, 4.8155048491e+00, 4.9142043460e+00, 4.9457378046e+00, 4.9496099638e+00, 4.9339560764e+00, 4.8964700955e+00, 4.7640601989e+00, 4.2141208395e+00 ],
[ 2.2695699136e+00, 4.6267568282e+00, 4.7862014435e+00, 4.8820291785e+00, 4.9149884443e+00, 4.9221928488e+00, 4.9058603842e+00, 4.8604483833e+00, 4.7494529160e+00, 4.1901407797e+00 ],
[ 2.2431057329e+00, 4.5666473910e+00, 4.7073460624e+00, 4.7953795331e+00, 4.8263565211e+00, 4.8313900801e+00, 4.8217093084e+00, 4.7774005975e+00, 4.6797589556e+00, 4.1547280927e+00 ],
[ 2.0787648274e+00, 4.2366590168e+00, 4.3465931420e+00, 4.4115929945e+00, 4.4419936105e+00, 4.4418093119e+00, 4.4390930746e+00, 4.4043980245e+00, 4.3350092230e+00, 3.9138662379e+00 ]
],
[
[ 1.3646319171e+00, 2.3737256473e+00, 2.1882665768e+00, 2.3032507229e+00, 2.2730292921e+00, 2.2875392231e+00, 2.2795755191e+00, 2.2652066745e+00, 2.2334812179e+00, 2.0117178962e+00 ],
[ 2.3737256473e+00, 4.6672740210e+00, 4.5525446970e+00, 4.6222917186e+00, 4.6704970457e+00, 4.6462392087e+00, 4.6551727333e+00, 4.6106035199e+00, 4.5392281128e+00, 4.0606782392e+00 ],
[ 2.1882665768e+00, 4.5525446970e+00, 4.7572445714e+00, 4.7722993278e+00, 4.8187560458e+00, 4.8311944991e+00, 4.8045941162e+00, 4.7745486530e+00, 4.6608478200e+00, 4.1360590626e+00 ],
[ 2.3032507229e+00, 4.6222917186e+00, 4.7722993278e+00, 4.9106529249e+00, 4.9051074539e+00, 4.9293306841e+00, 4.9130435207e+00, 4.8589673824e+00, 4.7508590419e+00, 4.1881901766e+00 ],
[ 2.2730292921e+00, 4.6704970457e+00, 4.8187560458e+00, 4.9051074539e+00, 4.9643854408e+00, 4.9467474027e+00, 4.9468430073e+00, 4.8967361636e+00, 4.7728791266e+00, 4.2178057876e+00 ],
[ 2.2875392231e+00, 4.6462392087e+00, 4.8311944991e+00, 4.9293306841e+00, 4.9467474027e+00, 4.9714930356e+00, 4.9434306835e+00, 4.9074067722e+00, 4.7792064143e+00, 4.2134111637e+00 ],
[ 2.2795755191e+00, 4.6551727333e+00, 4.8045941162e+00, 4.9130435207e+00, 4.9468430073e+00, 4.9434306835e+00, 4.9425923543e+00, 4.8833902623e+00, 4.7747033924e+00, 4.2112627271e+00 ],
[ 2.2652066745e+00, 4.6106035199e+00, 4.7745486530e+00, 4.8589673824e+00, 4.8967361636e+00, 4.9074067722e+00, 4.8833902623e+00, 4.8489771715e+00, 4.7257268099e+00, 4.1863070979e+00 ],
[ 2.2334812179e+00, 4.5392281128e+00, 4.6608478200e+00, 4.7508590419e+00, 4.7728791266e+00, 4.7792064143e+00, 4.7747033924e+00, 4.7257268099e+00, 4.6432204514e+00, 4.1221486391e+00 ],
[ 2.0117178962e+00, 4.0606782392e+00, 4.1360590626e+00, 4.1881901766e+00, 4.2178057876e+00, 4.2134111637e+00, 4.2112627271e+00, 4.1863070979e+00, 4.1221486391e+00, 3.7568342959e+00 ]
],
[
[ 2.0787648274e+00, 2.2431057329e+00, 2.2695699136e+00, 2.2819324095e+00, 2.2832552974e+00, 2.2817772304e+00, 2.2691190000e+00, 2.2408557017e+00, 2.0645996455e+00, 9.5270533763e-01 ],
[ 4.2366590168e+00, 4.5666473910e+00, 4.6267568282e+00, 4.6517885846e+00, 4.6551047144e+00, 4.6454497183e+00, 4.6078681948e+00, 4.4717697524e+00, 3.6715831165e+00, 1.4894340699e+00 ],
[ 4.3465931420e+00, 4.7073460624e+00, 4.7862014435e+00, 4.8155048491e+00, 4.8188080503e+00, 4.7983883117e+00, 4.7169796246e+00, 4.3484122610e+00, 3.3575181806e+00, 1.3353434123e+00 ],
[ 4.4115929945e+00, 4.7953795331e+00, 4.8820291785e+00, 4.9142043460e+00, 4.9168076979e+00, 4.8796233578e+00, 4.7220160427e+00, 4.3959942342e+00, 3.5508732219e+00, 1.4530077162e+00 ],
[ 4.4419936105e+00, 4.8263565211e+00, 4.9149884443e+00, 4.9457378046e+00, 4.9406317236e+00, 4.8830920924e+00, 4.7881085784e+00, 4.4910000861e+00, 3.5166150602e+00, 1.3956112484e+00 ],
[ 4.4418093119e+00, 4.8313900801e+00, 4.9221928488e+00, 4.9496099638e+00, 4.9386949690e+00, 4.9214459315e+00, 4.8015068513e+00, 4.4299058691e+00, 3.5181285664e+00, 1.4309715939e+00 ],
[ 4.4390930746e+00, 4.8217093084e+00, 4.9058603842e+00, 4.9339560764e+00, 4.9452387810e+00, 4.8911825088e+00, 4.7548044670e+00, 4.4573177283e+00, 3.5269512286e+00, 1.4086729587e+00 ],
[ 4.4043980245e+00, 4.7774005975e+00, 4.8604483833e+00, 4.8964700955e+00, 4.8802496217e+00, 4.8406947243e+00, 4.7452047596e+00, 4.4015335680e+00, 3.4806352857e+00, 1.4095422970e+00 ],
[ 4.3350092230e+00, 4.6797589556e+00, 4.7494529160e+00, 4.7640601989e+00, 4.7663607719e+00, 4.7388772031e+00, 4.6057893112e+00, 4.3110641271e+00, 3.4378069440e+00, 1.3826985314e+00 ],
[ 3.9138662379e+00, 4.1547280927e+00, 4.1901407797e+00, 4.2141208395e+00, 4.2055923046e+00, 4.1605279308e+00, 4.0814224331e+00, 3.8120063550e+00, 3.0346680190e+00, 1.2345595296e+00 ]
],
[
[ 1.2345595296e+00, 1.3826985314e+00, 1.4095422970e+00, 1.4086729587e+00, 1.4309715939e+00, 1.3956112484e+00, 1.4530077162e+00, 1.3353434123e+00, 1.4894340699e+00, 9.5270533763e-01 ],
[ 3.0346680190e+00, 3.4378069440e+00, 3.4806352857e+00, 3.5269512286e+00, 3.5181285664e+00, 3.5166150602e+00, 3.5508732219e+00, 3.3575181806e+00, 3.6715831165e+00, 2.0645996455e+00 ],
[ 3.8120063550e+00, 4.3110641271e+00, 4.4015335680e+00, 4.4573177283e+00, 4.4299058691e+00, 4.4910000861e+00, 4.3959942342e+00, 4.3484122610e+00, 4.4717697524e+00, 2.2408557017e+00 ],
[ 4.0814224331e+00, 4.6057893112e+00, 4.7452047596e+00, 4.7548044670e+00, 4.8015068513e+00, 4.7881085784e+00, 4.7220160427e+00, 4.7169796246e+00, 4.6078681948e+00, 2.2691190000e+00 ],
[ 4.1605279308e+00, 4.7388772031e+00, 4.8406947243e+00, 4.8911825088e+00, 4.9214459315e+00, 4.8830920924e+00, 4.8796233578e+00, 4.7983883117e+00, 4.6454497183e+00, 2.2817772304e+00 ],
[ 4.2055923046e+00, 4.7663607719e+00, 4.8802496217e+00, 4.9452387810e+00, 4.9386949690e+00, 4.9406317236e+00, 4.9168076979e+00, 4.8188080503e+00, 4.6551047144e+00, 2.2832552974e+00 ],
[ 4.2141208395e+00, 4.7640601989e+00, 4.8964700955e+00, 4.9339560764e+00, 4.9496099638e+00, 4.9457378046e+00, 4.9142043460e+00, 4.8155048491e+00, 4.6517885846e+00, 2.2819324095e+00 ],
[ 4.1901407797e+00, 4.7494529160e+00, 4.8604483833e+00, 4.9058603842e+00, 4.9221928488e+00, 4.9149884443e+00, 4.8820291785e+00, 4.7862014435e+00, 4.6267568282e+00, 2.2695699136e+00 ],
[ 4.1547280927e+00, 4.6797589556e+00, 4.7774005975e+00, 4.8217093084e+00, 4.8313900801e+00, 4.8263565211e+00, 4.7953795331e+00, 4.7073460624e+00, 4.5666473910e+00, 2.2431057329e+00 ],
[ 3.9138662379e+00, 4.3350092230e+00, 4.4043980245e+00, 4.4390930746e+00, 4.4418093119e+00, 4.4419936105e+00, 4.4115929945e+00, 4.3465931420e+00, 4.2366590168e+00, 2.0787648274e+00 ]
],
[
[ 2.0117178962e+00, 2.2334812179e+00, 2.2652066745e+00, 2.2795755191e+00, 2.2875392231e+00, 2.2730292921e+00, 2.3032507229e+00, 2.1882665768e+00, 2.3737256473e+00, 1.3646319171e+00 ],
[ 4.0606782392e+00, 4.5392281128e+00, 4.6106035199e+00, 4.6551727333e+00, 4.6462392087e+00, 4.6704970457e+00, 4.6222917186e+00, 4.5525446970e+00, 4.6672740210e+00, 2.3737256473e+00 ],
[ 4.1360590626e+00, 4.6608478200e+00, 4.7745486530e+00, 4.8045941162e+00, 4.8311944991e+00, 4.8187560458e+00, 4.7722993278e+00, 4.7572445714e+00, 4.5525446970e+00, 2.1882665768e+00 ],
[ 4.1881901766e+00, 4.7508590419e+00, 4.8589673824e+00, 4.9130435207e+00, 4.9293306841e+00, 4.9051074539e+00, 4.9106529249e+00, 4.7722993278e+00, 4.6222917186e+00, 2.3032507229e+00 ],
[ 4.2178057876e+00, 4.7728791266e+00, 4.8967361636e+00, 4.9468430073e+00, 4.9467474027e+00, 4.9643854408e+00, 4.9051074539e+00, 4.8187560458e+00, 4.6704970457e+00, 2.2730292921e+00 ],
[ 4.2134111637e+00, 4.7792064143e+00, 4.9074067722e+00, 4.9434306835e+00, 4.9714930356e+00, 4.9467474027e+00, 4.9293306841e+00, 4.8311944991e+00, 4.6462392087e+00, 2.2875392231e+00 ],
[ 4.2112627271e+00, 4.7747033924e+00, 4.8833902623e+00, 4.9425923543e+00, 4.9434306835e+00, 4.9468430073e+00, 4.9130435207e+00, 4.8045941162e+00, 4.6551727333e+00, 2.2795755191e+00 ],
[ 4.1863070979e+00, 4.7257268099e+00, 4.8489771715e+00, 4.8833902623e+00, 4.9074067722e+00, 4.8967361636e+00, 4.8589673824e+00, 4.7745486530e+00, 4.6106035199e+00, 2.2652066745e+00 ],
[ 4.1221486391e+00, 4.6432204514e+00, 4.7257268099e+00, 4.7747033924e+00, 4.7792064143e+00, 4.7728791266e+00, 4.7508590419e+00, 4.6608478200e+00, 4.5392281128e+00, 2.2334812179e+00 ],
[ 3.7568342959e+00, 4.1221486391e+00, 4.1863070979e+00, 4.2112627271e+00, 4.2134111637e+00, 4.2178057876e+00, 4.1881901766e+00, 4.1360590626e+00, 4.0606782392e+00, 2.0117178962e+00 ]
],
[
[ 3.9138662379e+00, 4.1547280927e+00, 4.1901407797e+00, 4.2141208395e+00, 4.2055923046e+00, 4.1605279308e+00, 4.0814224331e+00, 3.8120063550e+00, 3.0346680190e+00, 1.2345595296e+00 ],
[ 4.3350092230e+00, 4.6797589556e+00, 4.7494529160e+00, 4.7640601989e+00, 4.7663607719e+00, 4.7388772031e+00, 4.6057893112e+00, 4.3110641271e+00, 3.4378069440e+00, 1.3826985314e+00 ],
[ 4.4043980245e+00, 4.7774005975e+00, 4.8604483833e+00, 4.8964700955e+00, 4.8802496217e+00, 4.8406947243e+00, 4.7452047596e+00, 4.4015335680e+00, 3.4806352857e+00, 1.4095422970e+00 ],
[ 4.4390930746e+00, 4.8217093084e+00, 4.9058603842e+00, 4.9339560764e+00, 4.9452387810e+00, 4.8911825088e+00, 4.7548044670e+00, 4.4573177283e+00, 3.5269512286e+00, 1.4086729587e+00 ],
[ 4.4418093119e+00, 4.8313900801e+00, 4.9221928488e+00, 4.9496099638e+00, 4.9386949690e+00, 4.9214459315e+00, 4.8015068513e+00, 4.4299058691e+00, 3.5181285664e+00, 1.4309715939e+00 ],
[ 4.4419936105e+00, 4.8263565211e+00, 4.9149884443e+00, 4.9457378046e+00, 4.9406317236e+00, 4.8830920924e+00, 4.7881085784e+00, 4.4910000861e+00, 3.5166150602e+00, 1.3956112484e+00 ],
[ 4.4115929945e+00, 4.7953795331e+00, 4.8820291785e+00, 4.9142043460e+00, 4.9168076979e+00, 4.8796233578e+00, 4.7220160427e+00, 4.3959942342e+00, 3.5508732219e+00, 1.4530077162e+00 ],
[ 4.3465931420e+00, 4.7073460624e+00, 4.7862014435e+00, 4.8155048491e+00, 4.8188080503e+00, 4.7983883117e+00, 4.7169796246e+00, 4.3484122610e+00, 3.3575181806e+00, 1.3353434123e+00 ],
[ 4.2366590168e+00, 4.5666473910e+00, 4.6267568282e+00, 4.6517885846e+00, 4.6551047144e+00, 4.6454497183e+00, 4.6078681948e+00, 4.4717697524e+00, 3.6715831165e+00, 1.4894340699e+00 ],
[ 2.0787648274e+00, 2.2431057329e+00, 2.2695699136e+00, 2.2819324095e+00, 2.2832552974e+00, 2.2817772304e+00, 2.2691190000e+00, 2.2408557017e+00, 2.0645996455e+00, 9.5270533763e-01 ]
],
[
[ 3.9138662379e+00, 4.3350092230e+00, 4.4043980245e+00, 4.4390930746e+00, 4.4418093119e+00, 4.4419936105e+00, 4.4115929945e+00, 4.3465931420e+00, 4.2366590168e+00, 2.0787648274e+00 ],
[ 4.1547280927e+00, 4.6797589556e+00, 4.7774005975e+00, 4.8217093084e+00, 4.8313900801e+00, 4.8263565211e+00, 4.7953795331e+00, 4.7073460624e+00, 4.5666473910e+00, 2.2431057329e+00 ],
[ 4.1901407797e+00, 4.7494529160e+00, 4.8604483833e+00, 4.9058603842e+00, 4.9221928488e+00, 4.9149884443e+00, 4.8820291785e+00, 4.7862014435e+00, 4.6267568282e+00, 2.2695699136e+00 ],
[ 4.2141208395e+00, 4.7640601989e+00, 4.8964700955e+00, 4.9339560764e+00, 4.9496099638e+00, 4.9457378046e+00, 4.9142043460e+00, 4.8155048491e+00, 4.6517885846e+00, 2.2819324095e+00 ],
[ 4.2055923046e+00, 4.7663607719e+00, 4.8802496217e+00, 4.9452387810e+00, 4.9386949690e+00, 4.9406317236e+00, 4.9168076979e+00, 4.8188080503e+00, 4.6551047144e+00, 2.2832552974e+00 ],
[ 4.1605279308e+00, 4.7388772031e+00, 4.8406947243e+00, 4.8911825088e+00, 4.9214459315e+00, 4.8830920924e+00, 4.8796233578e+00, 4.7983883117e+00, 4.6454497183e+00, 2.2817772304e+00 ],
[ 4.0814224331e+00, 4.6057893112e+00, 4.7452047596e+00, 4.7548044670e+00, 4.8015068513e+00, 4.7881085784e+00, 4.7220160427e+00, 4.7169796246e+00, 4.6078681948e+00, 2.2691190000e+00 ],
[ 3.8120063550e+00, 4.3110641271e+00, 4.4015335680e+00, 4.4573177283e+00, 4.4299058691e+00, 4.4910000861e+00, 4.3959942342e+00, 4.3484122610e+00, 4.4717697524e+00, 2.2408557017e+00 ],
[ 3.0346680190e+00, 3.4378069440e+00, 3.4806352857e+00, 3.5269512286e+00, 3.5181285664e+00, 3.5166150602e+00, 3.5508732219e+00, 3.3575181806e+00, 3.6715831165e+00, 2.0645996455e+00 ],
[ 1.2345595296e+00, 1.3826985314e+00, 1.4095422970e+00, 1.4086729587e+00, 1.4309715939e+00, 1.3956112484e+00, 1.4530077162e+00, 1.3353434123e+00, 1.4894340699e+00, 9.5270533763e-01 ]
],
[
[ 3.7568342959e+00, 4.1221486391e+00, 4.1863070979e+00, 4.2112627271e+00, 4.2134111637e+00, 4.2178057876e+00, 4.1881901766e+00, 4.1360590626e+00, 4.0606782392e+00, 2.0117178962e+00 ],
[ 4.1221486391e+00, 4.6432204514e+00, 4.7257268099e+00, 4.7747033924e+00, 4.7792064143e+00, 4.7728791266e+00, 4.7508590419e+00, 4.6608478200e+00, 4.5392281128e+00, 2.2334812179e+00 ],
[ 4.1863070979e+00, 4.7257268099e+00, 4.8489771715e+00, 4.8833902623e+00, 4.9074067722e+00, 4.8967361636e+00, 4.8589673824e+00, 4.7745486530e+00, 4.6106035199e+00, 2.2652066745e+00 ],
[ 4.2112627271e+00, 4.7747033924e+00, 4.8833902623e+00, 4.9425923543e+00, 4.9434306835e+00, 4.9468430073e+00, 4.9130435207e+00, 4.8045941162e+00, 4.6551727333e+00, 2.2795755191e+00 ],
[ 4.2134111637e+00, 4.7792064143e+00, 4.9074067722e+00, 4.9434306835e+00, 4.9714930356e+00, 4.9467474027e+00, 4.9293306841e+00, 4.8311944991e+00, 4.6462392087e+00, 2.2875392231e+00 ],
[ 4.2178057876e+00, 4.7728791266e+00, 4.8967361636e+00, 4.9468430073e+00, 4.9467474027e+00, 4.9643854408e+00, 4.9051074539e+00, 4.8187560458e+00, 4.6704970457e+00, 2.2730292921e+00 ],
[ 4.1881901766e+00, 4.7508590419e+00, 4.8589673824e+00, 4.9130435207e+00, 4.9293306841e+00, 4.9051074539e+00, 4.9106529249e+00, 4.7722993278e+00, 4.6222917186e+00, 2.3032507229e+00 ],
[ 4.1360590626e+00, 4.6608478200e+00, 4.7745486530e+00, 4.8045941162e+00, 4.8311944991e+00, 4.8187560458e+00, 4.7722993278e+00, 4.7572445714e+00, 4.5525446970e+00, 2.1882665768e+00 ],
[ 4.0606782392e+00, 4.5392281128e+00, 4.6106035199e+00, 4.6551727333e+00, 4.6462392087e+00, 4.6704970457e+00, 4.6222917186e+00, 4.5525446970e+00, 4.6672740210e+00, 2.3737256473e+00 ],
[ 2.0117178962e+00, 2.2334812179e+00, 2.2652066745e+00, 2.2795755191e+00, 2.2875392231e+00, 2.2730292921e+00, 2.3032507229e+00, 2.1882665768e+00, 2.3737256473e+00, 1.3646319171e+00 ]
],
[
[ 1.2345595296e+00, 3.0346680190e+00, 3.8120063550e+00, 4.0814224331e+00, 4.1605279308e+00, 4.2055923046e+00, 4.2141208395e+00, 4.1901407797e+00, 4.1547280927e+00, 3.9138662379e+00 ],
[ 1.3826985314e+00, 3.4378069440e+00, 4.3110641271e+00, 4.6057893112e+00, 4.7388772031e+00, 4.7663607719e+00, 4.7640601989e+00, 4.7494529160e+00, 4.6797589556e+00, 4.3350092230e+00 ],
[ 1.4095422970e+00, 3.4806352857e+00, 4.4015335680e+00, 4.7452047596e+00, 4.8406947243e+00, 4.8802496217e+00, 4.8964700955e+00, 4.8604483833e+00, 4.7774005975e+00, 4.4043980245e+00 ],
[ 1.4086729587e+00, 3.5269512286e+00, 4.4573177283e+00, 4.7548044670e+00, 4.8911825088e+00, 4.9452387810e+00, 4.9339560764e+00, 4.9058603842e+00, 4.8217093084e+00, 4.4390930746e+00 ],
[ 1.4309715939e+00, 3.5181285664e+00, 4.4299058691e+00, 4.8015068513e+00, 4.9214459315e+00, 4.9386949690e+00, 4.9496099638e+00, 4.9221928488e+00, 4.8313900801e+00, 4.4418093119e+00 ],
[ 1.3956112484e+00, 3.5166150602e+00, 4.4910000861e+00, 4.7881085784e+00, 4.8830920924e+00, 4.9406317236e+00, 4.9457378046e+00, 4.9149884443e+00, 4.8263565211e+00, 4.4419936105e+00 ],
[ 1.4530077162e+00, 3.5508732219e+00, 4.3959942342e+00, 4.7220160427e+00, 4.8796233578e+00, 4.9168076979e+00, 4.9142043460e+00, 4.8820291785e+00, 4.7953795331e+00, 4.4115929945e+00 ],
[ 1.3353434123e+00, 3.3575181806e+00, 4.3484122610e+00, 4.7169796246e+00, 4.7983883117e+00, 4.8188080503e+00, 4.8155048491e+00, 4.7862014435e+00, 4.7073460624e+00, 4.3465931420e+00 ],
[ 1.4894340699e+00, 3.6715831165e+00, 4.4717697524e+00, 4.6078681948e+00, 4.6454497183e+00, 4.6551047144e+00, 4.6517885846e+00, 4.6267568282e+00, 4.5666473910e+00, 4.2366590168e+00 ],
[ 9.5270533763e-01, 2.0645996455e+00, 2.2408557017e+00, 2.2691190000e+00, 2.2817772304e+00, 2.2832552974e+00, 2.2819324095e+00, 2.2695699136e+00, 2.2431057329e+00, 2.0787648274e+00 ]
],
[
[ 2.0787648274e+00, 4.2366590168e+00, 4.3465931420e+00, 4.4115929945e+00, 4.4419936105e+00, 4.4418093119e+00, 4.4390930746e+00, 4.4043980245e+00, 4.3350092230e+00, 3.9138662379e+00 ],
[ 2.2431057329e+00, 4.5666473910e+00, 4.7073460624e+00, 4.7953795331e+00, 4.8263565211e+00, 4.8313900801e+00, 4.8217093084e+00, 4.7774005975e+00, 4.6797589556e+00, 4.1547280927e+00 ],
[ 2.2695699136e+00, 4.6267568282e+00, 4.7862014435e+00, 4.8820291785e+00, 4.9149884443e+00, 4.9221928488e+00, 4.9058603842e+00, 4.8604483833e+00, 4.7494529160e+00, 4.1901407797e+00 ],
[ 2.2819324095e+00, 4.6517885846e+00, 4.8155048491e+00, 4.9142043460e+00, 4.9457378046e+00, 4.9496099638e+00, 4.9339560764e+00, 4.8964700955e+00, 4.7640601989e+00, 4.2141208395e+00 ],
[ 2.2832552974e+00, 4.6551047144e+00, 4.8188080503e+00, 4.9168076979e+00, 4.9406317236e+00, 4.9386949690e+00, 4.9452387810e+00, 4.8802496217e+00, 4.7663607719e+00, 4.2055923046e+00 ],
[ 2.2817772304e+00, 4.6454497183e+00, 4.7983883117e+00, 4.8796233578e+00, 4.8830920924e+00, 4.9214459315e+00, 4.8911825088e+00, 4.8406947243e+00, 4.7388772031e+00, 4.1605279308e+00 ],
[ 2.2691190000e+00, 4.6078681948e+00, 4.7169796246e+00, 4.7220160427e+00, 4.7881085784e+00, 4.8015068513e+00, 4.7548044670e+00, 4.7452047596e+00, 4.6057893112e+00, 4.0814224331e+00 ],
[ 2.2408557017e+00, 4.4717697524e+00, 4.3484122610e+00, 4.3959942342e+00, 4.4910000861e+00, 4.4299058691e+00, 4.4573177283e+00, 4.4015335680e+00, 4.3110641271e+00, 3.8120063550e+00 ],
[ 2.0645996455e+00, 3.6715831165e+00, 3.3575181806e+00, 3.5508732219e+00, 3.5166150602e+00, 3.5181285664e+00, 3.5269512286e+00, 3.4806352857e+00, 3.4378069440e+00, 3.0346680190e+00 ],
[ 9.5270533763e-01, 1.4894340699e+00, 1.3353434123e+00, 1.4530077162e+00, 1.3956112484e+00, 1.4309715939e+00, 1.4086729587e+00, 1.4095422970e+00, 1.3826985314e+00, 1.2345595296e+00 ]
],
[
[ 2.0117178962e+00, 4.0606782392e+00, 4.1360590626e+00, 4.1881901766e+00, 4.2178057876e+00, 4.2134111637e+00, 4.2112627271e+00, 4.1863070979e+00, 4.1221486391e+00, 3.7568342959e+00 ],
[ 2.2334812179e+00, 4.5392281128e+00, 4.6608478200e+00, 4.7508590419e+00, 4.7728791266e+00, 4.7792064143e+00, 4.7747033924e+00, 4.7257268099e+00, 4.6432204514e+00, 4.1221486391e+00 ],
[ 2.2652066745e+00, 4.6106035199e+00, 4.7745486530e+00, 4.8589673824e+00, 4.8967361636e+00, 4.9074067722e+00, 4.8833902623e+00, 4.8489771715e+00, 4.7257268099e+00, 4.1863070979e+00 ],
[ 2.2795755191e+00, 4.6551727333e+00, 4.8045941162e+00, 4.9130435207e+00, 4.9468430073e+00, 4.9434306835e+00, 4.9425923543e+00, 4.8833902623e+00, 4.7747033924e+00, 4.2112627271e+00 ],
[ 2.2875392231e+00, 4.6462392087e+00, 4.8311944991e+00, 4.9293306841e+00, 4.9467474027e+00, 4.9714930356e+00, 4.9434306835e+00, 4.9074067722e+00, 4.7792064143e+00, 4.2134111637e+00 ],
[ 2.2730292921e+00, 4.6704970457e+00, 4.8187560458e+00, 4.9051074539e+00, 4.9643854408e+00, 4.9467474027e+00, 4.9468430073e+00, 4.8967361636e+00, 4.7728791266e+00, 4.2178057876e+00 ],
[ 2.3032507229e+00, 4.6222917186e+00, 4.7722993278e+00, 4.9106529249e+00, 4.9051074539e+00, 4.9293306841e+00, 4.9130435207e+00, 4.8589673824e+00, 4.7508590419e+00, 4.1881901766e+00 ],
[ 2.1882665768e+00, 4.5525446970e+00, 4.7572445714e+00, 4.7722993278e+00, 4.8187560458e+00, 4.8311944991e+00, 4.8045941162e+00, 4.7745486530e+00, 4.6608478200e+00, 4.1360590626e+00 ],
[ 2.3737256473e+00, 4.6672740210e+00, 4.5525446970e+00, 4.6222917186e+00, 4.6704970457e+00, 4.6462392087e+00, 4.6551727333e+00, 4.6106035199e+00, 4.5392281128e+00, 4.0606782392e+00 ],
[ 1.3646319171e+00, 2.3737256473e+00, 2.1882665768e+00, 2.3032507229e+00, 2.2730292921e+00, 2.2875392231e+00, 2.2795755191e+00, 2.2652066745e+00, 2.2334812179e+00, 2.0117178962e+00 ]
]
],
"XFLOW": [
[
[ 0.0000000000e+00, 1.9054106753e+00, 2.2237886157e+00, 2.2579227876e+00, 2.2803152124e+00, 2.2832392483e+00, 2.2832713465e+00, 2.2805934725e+00, 2.2585463547e+00, 2.2276651111e+00, 1.9298645437e+00 ],
[ 0.0000000000e+00, 2.9788681399e+00, 4.3642980931e+00, 4.5792414118e+00, 4.6364949779e+00, 4.6544044587e+00, 4.6558049700e+00, 4.6477721992e+00, 4.6057414572e+00, 4.5275533247e+00, 3.9457647090e+00 ],
[ 0.0000000000e+00, 2.6706868247e+00, 4.0443495365e+00, 4.6524749854e+00, 4.7814842639e+00, 4.8152923596e+00, 4.8223237410e+00, 4.8086859571e+00, 4.7637169299e+00, 4.6509751949e+00, 4.0422110892e+00 ],
[ 0.0000000000e+00, 2.9060154324e+00, 4.1957310113e+00, 4.5962574571e+00, 4.8477746283e+00, 4.9114720872e+00, 4.9221433087e+00, 4.9062653834e+00, 4.8577929736e+00, 4.7329660927e+00, 4.0902198963e+00 ],
[ 0.0000000000e+00, 2.7912224967e+00, 4.2420076237e+00, 4.7399925486e+00, 4.8362246082e+00, 4.9299595766e+00, 4.9513038706e+00, 4.9401717386e+00, 4.8898051500e+00, 4.7629078922e+00, 4.1210793289e+00 ],
[ 0.0000000000e+00, 2.8619431878e+00, 4.1743139450e+00, 4.6854977933e+00, 4.9175159093e+00, 4.9253759537e+00, 4.9520139843e+00, 4.9472059434e+00, 4.8971797543e+00, 4.7656004060e+00, 4.1180182179e+00 ],
[ 0.0000000000e+00, 2.8173459174e+00, 4.2365565397e+00, 4.6780789170e+00, 4.8315300170e+00, 4.9508350006e+00, 4.9396425615e+00, 4.9282695914e+00, 4.8834511770e+00, 4.7599674397e+00, 4.1182187095e+00 ],
[ 0.0000000000e+00, 2.8190845940e+00, 4.1421859773e+00, 4.6608811586e+00, 4.8295283605e+00, 4.8518610881e+00, 4.9086381552e+00, 4.8843020358e+00, 4.8365947308e+00, 4.7182064643e+00, 4.0905895847e+00 ],
[ 0.0000000000e+00, 2.7653970629e+00, 4.1102168251e+00, 4.5119114292e+00, 4.6996671932e+00, 4.7780872131e+00, 4.7546343307e+00, 4.7734860672e+00, 4.7254197647e+00, 4.6340981465e+00, 4.0359202995e+00 ],
[ 0.0000000000e+00, 2.4691190593e+00, 3.6002169788e+00, 4.0237957312e+00, 4.1390491350e+00, 4.1820067266e+00, 4.2291778826e+00, 4.1990637965e+00, 4.1812177628e+00, 4.1282384225e+00, 3.6994940534e+00 ]
],
[
[ 0.0000000000e+00, 1.9054106753e+00, 1.0734574646e+00, 1.5972293600e+00, 1.3087860724e+00, 1.4824364243e+00, 1.3795067634e+00, 1.4378391540e+00, 1.3812454401e+00, 1.3841516228e+00, 1.0849674365e+00 ],
[ 0.0000000000e+00, 4.1291992910e+00, 3.2139669420e+00, 3.5010694191e+00, 3.6006770246e+00, 3.4325530958e+00, 3.6037040370e+00, 3.4501984202e+00, 3.5110721512e+00, 3.3645417368e+00, 2.7047943013e+00 ],
[ 0.0000000000e+00, 4.4817114034e+00, 4.4618281015e+00, 4.2349964204e+00, 4.5569920480e+00, 4.4250081242e+00, 4.4348036140e+00, 4.4798318427e+00, 4.3232352932e+00, 4.2988929611e+00, 3.3251197489e+00 ],
[ 0.0000000000e+00, 4.5382380001e+00, 4.6774983896e+00, 4.7564608597e+00, 4.6875712257e+00, 4.8886459310e+00, 4.7143677715e+00, 4.7952411625e+00, 4.6951683566e+00, 4.5164102657e+00, 3.6464346005e+00 ],
[ 0.0000000000e+00, 4.5635544608e+00, 4.7273449759e+00, 4.8694316476e+00, 4.8898150679e+00, 4.8763691169e+00, 4.9665227461e+00, 4.8158422715e+00, 4.8655471772e+00, 4.6122072291e+00, 3.7088486325e+00 ],
[ 0.0000000000e+00, 4.5665105949e+00, 4.7436988339e+00, 4.8939172667e+00, 4.9396981292e+00, 4.9415653180e+00, 4.9358246199e+00, 4.9546529421e+00, 4.8058463012e+00, 4.7268752425e+00, 3.6843093666e+00 ],
[ 0.0000000000e+00, 4.5638648191e+00, 4.7397123501e+00, 4.8912973480e+00, 4.9371113441e+00, 4.9543642651e+00, 4.9448556625e+00, 4.9230564904e+00, 4.8698837007e+00, 4.6582366972e+00, 3.7700049819e+00 ],
[ 0.0000000000e+00, 4.5391398272e+00, 4.7143738292e+00, 4.8580290579e+00, 4.9060292991e+00, 4.9239475895e+00, 4.9204381081e+00, 4.8912826603e+00, 4.8296141064e+00, 4.6692917255e+00, 3.7109898338e+00 ],
[ 0.0000000000e+00, 4.4862114657e+00, 4.6470833162e+00, 4.7676088086e+00, 4.8231502576e+00, 4.8295627846e+00, 4.8332173757e+00, 4.8102012410e+00, 4.7445999540e+00, 4.6149179572e+00, 3.6945382282e+00 ],
[ 0.0000000000e+00, 4.1575296548e+00, 4.3157883789e+00, 4.3773979052e+00, 4.4457880837e+00, 4.4381991374e+00, 4.4454194865e+00, 4.4327666628e+00, 4.3760293861e+00, 4.2939890598e+00, 3.5337434161e+00 ]
],
[
[ 0.0000000000e+00, 2.7292638343e+00, 2.0181874602e+00, 2.3583456934e+00, 2.2481557524e+00, 2.2979028318e+00, 2.2771756144e+00, 2.2819754237e+00, 2.2484379253e+00, 2.2185245104e+00, 1.8049112821e+00 ],
[ 0.0000000000e+00, 4.7474512945e+00, 4.5870967476e+00, 4.5179926464e+00, 4.7265907907e+00, 4.6144033008e+00, 4.6780751167e+00, 4.6322703499e+00, 4.5889366899e+00, 4.4895195356e+00, 3.6318369427e+00 ],
[ 0.0000000000e+00, 4.3765331536e+00, 4.7285562404e+00, 4.7859329023e+00, 4.7586657532e+00, 4.8788463384e+00, 4.7835426597e+00, 4.8256455726e+00, 4.7234517333e+00, 4.5982439066e+00, 3.6738742187e+00 ],
[ 0.0000000000e+00, 4.6065014458e+00, 4.6380819913e+00, 4.9065166642e+00, 4.9147891856e+00, 4.8954257222e+00, 4.9632356461e+00, 4.8628513953e+00, 4.8550833694e+00, 4.6466347145e+00, 3.7297456387e+00 ],
[ 0.0000000000e+00, 4.5460585842e+00, 4.7949355072e+00, 4.8425765844e+00, 4.9676383234e+00, 4.9611325582e+00, 4.9323622473e+00, 4.9613237674e+00, 4.8321485598e+00, 4.7136096934e+00, 3.7220018818e+00 ],
[ 0.0000000000e+00, 4.5750784462e+00, 4.7173999712e+00, 4.9449890269e+00, 4.9136723413e+00, 4.9798224641e+00, 4.9631636071e+00, 4.9236977600e+00, 4.8911157845e+00, 4.6672970441e+00, 3.7595252832e+00 ],
[ 0.0000000000e+00, 4.5591510381e+00, 4.7511944284e+00, 4.8579938039e+00, 4.9680932375e+00, 4.9255927771e+00, 4.9612685899e+00, 4.9239161187e+00, 4.8428644059e+00, 4.7065423789e+00, 3.7159830753e+00 ],
[ 0.0000000000e+00, 4.5304133490e+00, 4.6907936907e+00, 4.8583036152e+00, 4.8596311496e+00, 4.9338411776e+00, 4.8809723669e+00, 4.8858081577e+00, 4.8121461853e+00, 4.6393074346e+00, 3.7333067612e+00 ],
[ 0.0000000000e+00, 4.4669624357e+00, 4.6114937898e+00, 4.7102018501e+00, 4.7915162338e+00, 4.7542420194e+00, 4.8041708092e+00, 4.7452359756e+00, 4.7062176443e+00, 4.5802232585e+00, 3.6640740196e+00 ],
[ 0.0000000000e+00, 4.0234357925e+00, 4.0979206859e+00, 4.1741974394e+00, 4.2021829138e+00, 4.2334286614e+00, 4.1933936660e+00, 4.2291317882e+00, 4.1434824076e+00, 4.1008148705e+00, 3.4128537213e+00 ]
],
[
[ 1.9298645437e+00, 2.2276651111e+00, 2.2585463547e+00, 2.2805934725e+00, 2.2832713465e+00, 2.2832392483e+00, 2.2803152124e+00, 2.2579227876e+00, 2.2237886157e+00, 1.9054106753e+00, 0.0000000000e+00 ],
[ 3.9457647090e+00, 4.5275533247e+00, 4.6057414572e+00, 4.6477721992e+00, 4.6558049700e+00, 4.6544044587e+00, 4.6364949779e+00, 4.5792414118e+00, 4.3642980931e+00, 2.9788681399e+00, 0.0000000000e+00 ],
[ 4.0422110892e+00, 4.6509751949e+00, 4.7637169299e+00, 4.8086859571e+00, 4.8223237410e+00, 4.8152923596e+00, 4.7814842639e+00, 4.6524749854e+00, 4.0443495365e+00, 2.6706868247e+00, 0.0000000000e+00 ],
[ 4.0902198963e+00, 4.7329660927e+00, 4.8577929736e+00, 4.9062653834e+00, 4.9221433087e+00, 4.9114720872e+00, 4.8477746283e+00, 4.5962574571e+00, 4.1957310113e+00, 2.9060154324e+00, 0.0000000000e+00 ],
[ 4.1210793289e+00, 4.7629078922e+00, 4.8898051500e+00, 4.9401717386e+00, 4.9513038706e+00, 4.9299595766e+00, 4.8362246082e+00, 4.7399925486e+00, 4.2420076237e+00, 2.7912224967e+00, 0.0000000000e+00 ],
[ 4.1180182179e+00, 4.7656004060e+00, 4.8971797543e+00, 4.9472059434e+00, 4.9520139843e+00, 4.9253759537e+00, 4.9175159093e+00, 4.6854977933e+00, 4.1743139450e+00, 2.8619431878e+00, 0.0000000000e+00 ],
[ 4.1182187095e+00, 4.7599674397e+00, 4.8834511770e+00, 4.9282695914e+00, 4.9396425615e+00, 4.9508350006e+00, 4.8315300170e+00, 4.6780789170e+00, 4.2365565397e+00, 2.8173459174e+00, 0.0000000000e+00 ],
[ 4.0905895847e+00, 4.7182064643e+00, 4.8365947308e+00, 4.8843020358e+00, 4.9086381552e+00, 4.8518610881e+00, 4.8295283605e+00, 4.6608811586e+00, 4.1421859773e+00, 2.8190845940e+00, 0.0000000000e+00 ],
[ 4.0359202995e+00, 4.6340981465e+00, 4.7254197647e+00, 4.7734860672e+00, 4.7546343307e+00, 4.7780872131e+00, 4.6996671932e+00, 4.5119114292e+00, 4.1102168251e+00, 2.7653970629e+00, 0.0000000000e+00 ],
[ 3.6994940534e+00, 4.1282384225e+00, 4.1812177628e+00, 4.1990637965e+00, 4.2291778826e+00, 4.1820067266e+00, 4.1390491350e+00, 4.0237957312e+00, 3.6002169788e+00, 2.4691190593e+00, 0.0000000000e+00 ]
],
[
[ 1.0849674365e+00, 1.3841516228e+00, 1.3812454401e+00, 1.4378391540e+00, 1.3795067634e+00, 1.4824364243e+00, 1.3087860724e+00, 1.5972293600e+00, 1.0734574646e+00, 1.9054106753e+00, 0.0000000000e+00 ],
[ 2.7047943013e+00, 3.3645417368e+00, 3.5110721512e+00, 3.4501984202e+00, 3.6037040370e+00, 3.4325530958e+00, 3.6006770246e+00, 3.5010694191e+00, 3.2139669420e+00, 4.1291992910e+00, 0.0000000000e+00 ],
[ 3.3251197489e+00, 4.2988929611e+00, 4.3232352932e+00, 4.4798318427e+00, 4.4348036140e+00, 4.4250081242e+00, 4.5569920480e+00, 4.2349964204e+00, 4.4618281015e+00, 4.4817114034e+00, 0.0000000000e+00 ],
[ 3.6464346005e+00, 4.5164102657e+00, 4.6951683566e+00, 4.7952411625e+00, 4.7143677715e+00, 4.8886459310e+00, 4.6875712257e+00, 4.7564608597e+00, 4.6774983896e+00, 4.5382380001e+00, 0.0000000000e+00 ],
[ 3.7088486325e+00, 4.6122072291e+00, 4.8655471772e+00, 4.8158422715e+00, 4.9665227461e+00, 4.8763691169e+00, 4.8898150679e+00, 4.8694316476e+00, 4.7273449759e+00, 4.5635544608e+00, 0.0000000000e+00 ],
[ 3.6843093666e+00, 4.7268752425e+00, 4.8058463012e+00, 4.9546529421e+00, 4.9358246199e+00, 4.9415653180e+00, 4.9396981292e+00, 4.8939172667e+00, 4.7436988339e+00, 4.5665105949e+00, 0.0000000000e+00 ],
[ 3.7700049819e+00, 4.6582366972e+00, 4.8698837007e+00, 4.9230564904e+00, 4.9448556625e+00, 4.9543642651e+00, 4.9371113441e+00, 4.8912973480e+00, 4.7397123501e+00, 4.5638648191e+00, 0.0000000000e+00 ],
[ 3.7109898338e+00, 4.6692917255e+00, 4.8296141064e+00, 4.8912826603e+00, 4.9204381081e+00, 4.9239475895e+00, 4.9060292991e+00, 4.8580290579e+00, 4.7143738292e+00, 4.5391398272e+00, 0.0000000000e+00 ],
[ 3.6945382282e+00, 4.6149179572e+00, 4.7445999540e+00, 4.8102012410e+00, 4.8332173757e+00, 4.8295627846e+00, 4.8231502576e+00, 4.7676088086e+00, 4.6470833162e+00, 4.4862114657e+00, 0.0000000000e+00 ],
[ 3.5337434161e+00, 4.2939890598e+00, 4.3760293861e+00, 4.4327666628e+00, 4.4454194865e+00, 4.4381991374e+00, 4.4457880837e+00, 4.3773979052e+00, 4.3157883789e+00, 4.1575296548e+00, 0.0000000000e+00 ]
],
[
[ 1.8049112821e+00, 2.2185245104e+00, 2.2484379253e+00, 2.2819754237e+00, 2.2771756144e+00, 2.2979028318e+00, 2.2481557524e+00, 2.3583456934e+00, 2.0181874602e+00, 2.7292638343e+00, 0.0000000000e+00 ],
[ 3.6318369427e+00, 4.4895195356e+00, 4.5889366899e+00, 4.6322703499e+00, 4.6780751167e+00, 4.6144033008e+00, 4.7265907907e+00, 4.5179926464e+00, 4.5870967476e+00, 4.7474512945e+00, 0.0000000000e+00 ],
[ 3.6738742187e+00, 4.5982439066e+00, 4.7234517333e+00, 4.8256455726e+00, 4.7835426597e+00, 4.8788463384e+00, 4.7586657532e+00, 4.7859329023e+00, 4.7285562404e+00, 4.3765331536e+00, 0.0000000000e+00 ],
[ 3.7297456387e+00, 4.6466347145e+00, 4.8550833694e+00, 4.8628513953e+00, 4.9632356461e+00, 4.8954257222e+00, 4.9147891856e+00, 4.9065166642e+00, 4.6380819913e+00, 4.6065014458e+00, 0.0000000000e+00 ],
[ 3.7220018818e+00, 4.7136096934e+00, 4.8321485598e+00, 4.9613237674e+00, 4.9323622473e+00, 4.9611325582e+00, 4.9676383234e+00, 4.8425765844e+00, 4.7949355072e+00, 4.5460585842e+00, 0.0000000000e+00 ],
[ 3.7595252832e+00, 4.6672970441e+00, 4.8911157845e+00, 4.9236977600e+00, 4.9631636071e+00, 4.9798224641e+00, 4.9136723413e+00, 4.9449890269e+00, 4.7173999712e+00, 4.5750784462e+00, 0.0000000000e+00 ],
[ 3.7159830753e+00, 4.7065423789e+00, 4.8428644059e+00, 4.9239161187e+00, 4.9612685899e+00, 4.9255927771e+00, 4.9680932375e+00, 4.8579938039e+00, 4.7511944284e+00, 4.5591510381e+00, 0.0000000000e+00 ],
[ 3.7333067612e+00, 4.6393074346e+00, 4.8121461853e+00, 4.8858081577e+00, 4.8809723669e+00, 4.9338411776e+00, 4.8596311496e+00, 4.8583036152e+00, 4.6907936907e+00, 4.5304133490e+00, 0.0000000000e+00 ],
[ 3.6640740196e+00, 4.5802232585e+00, 4.7062176443e+00, 4.7452359756e+00, 4.8041708092e+00, 4.7542420194e+00, 4.7915162338e+00, 4.7102018501e+00, 4.6114937898e+00, 4.4669624357e+00, 0.0000000000e+00 ],
[ 3.4128537213e+00, 4.1008148705e+00, 4.1434824076e+00, 4.2291317882e+00, 4.1933936660e+00, 4.2334286614e+00, 4.2021829138e+00, 4.1741974394e+00, 4.0979206859e+00, 4.0234357925e+00, 0.0000000000e+00 ]
],
[
[ 3.6994940534e+00, 4.1282384225e+00, 4.1812177628e+00, 4.1990637965e+00, 4.2291778826e+00, 4.1820067266e+00, 4.1390491350e+00, 4.0237957312e+00, 3.6002169788e+00, 2.4691190593e+00, 0.0000000000e+00 ],
[ 4.0359202995e+00, 4.6340981465e+00, 4.7254197647e+00, 4.7734860672e+00, 4.7546343307e+00, 4.7780872131e+00, 4.6996671932e+00, 4.5119114292e+00, 4.1102168251e+00, 2.7653970629e+00, 0.0000000000e+00 ],
[ 4.0905895847e+00, 4.7182064643e+00, 4.8365947308e+00, 4.8843020358e+00, 4.9086381552e+00, 4.8518610881e+00, 4.8295283605e+00, 4.6608811586e+00, 4.1421859773e+00, 2.8190845940e+00, 0.0000000000e+00 ],
[ 4.1182187095e+00, 4.7599674397e+00, 4.8834511770e+00, 4.9282695914e+00, 4.9396425615e+00, 4.9508350006e+00, 4.8315300170e+00, 4.6780789170e+00, 4.2365565397e+00, 2.8173459174e+00, 0.0000000000e+00 ],
[ 4.1180182179e+00, 4.7656004060e+00, 4.8971797543e+00, 4.9472059434e+00, 4.9520139843e+00, 4.9253759537e+00, 4.9175159093e+00, 4.6854977933e+00, 4.1743139450e+00, 2.8619431878e+00, 0.0000000000e+00 ],
[ 4.1210793289e+00, 4.7629078922e+00, 4.8898051500e+00, 4.9401717386e+00, 4.9513038706e+00, 4.9299595766e+00, 4.8362246082e+00, 4.7399925486e+00, 4.2420076237e+00, 2.7912224967e+00, 0.0000000000e+00 ],
[ 4.0902198963e+00, 4.7329660927e+00, 4.8577929736e+00, 4.9062653834e+00, 4.9221433087e+00, 4.9114720872e+00, 4.8477746283e+00, 4.5962574571e+00, 4.1957310113e+00, 2.9060154324e+00, 0.0000000000e+00 ],
[ 4.0422110892e+00, 4.6509751949e+00, 4.7637169299e+00, 4.8086859571e+00, 4.8223237410e+00, 4.8152923596e+00, 4.7814842639e+00, 4.6524749854e+00, 4.0443495365e+00, 2.6706868247e+00, 0.0000000000e+00 ],
[ 3.9457647090e+00, 4.5275533247e+00, 4.6057414572e+00, 4.6477721992e+00, 4.6558049700e+00, 4.6544044587e+00, 4.6364949779e+00, 4.5792414118e+00, 4.3642980931e+00, 2.9788681399e+00, 0.0000000000e+00 ],
[ 1.9298645437e+00, 2.2276651111e+00, 2.2585463547e+00, 2.2805934725e+00, 2.2832713465e+00, 2.2832392483e+00, 2.2803152124e+00, 2.2579227876e+00, 2.2237886157e+00, 1.9054106753e+00, 0.0000000000e+00 ]
],
[
[ 3.5337434161e+00, 4.2939890598e+00, 4.3760293861e+00, 4.4327666628e+00, 4.4454194865e+00, 4.4381991374e+00, 4.4457880837e+00, 4.3773979052e+00, 4.3157883789e+00, 4.1575296548e+00, 0.0000000000e+00 ],
[ 3.6945382282e+00, 4.6149179572e+00, 4.7445999540e+00, 4.8102012410e+00, 4.8332173757e+00, 4.8295627846e+00, 4.8231502576e+00, 4.7676088086e+00, 4.6470833162e+00, 4.4862114657e+00, 0.0000000000e+00 ],
[ 3.7109898338e+00, 4.6692917255e+00, 4.8296141064e+00, 4.8912826603e+00, 4.9204381081e+00, 4.9239475895e+00, 4.9060292991e+00, 4.8580290579e+00, 4.7143738292e+00, 4.5391398272e+00, 0.0000000000e+00 ],
[ 3.7700049819e+00, 4.6582366972e+00, 4.8698837007e+00, 4.9230564904e+00, 4.9448556625e+00, 4.9543642651e+00, 4.9371113441e+00, 4.8912973480e+00, 4.7397123501e+00, 4.5638648191e+00, 0.0000000000e+00 ],
[ 3.6843093666e+00, 4.7268752425e+00, 4.8058463012e+00, 4.9546529421e+00, 4.9358246199e+00, 4.9415653180e+00, 4.9396981292e+00, 4.8939172667e+00, 4.7436988339e+00, 4.5665105949e+00, 0.0000000000e+00 ],
[ 3.7088486325e+00, 4.6122072291e+00, 4.8655471772e+00, 4.8158422715e+00, 4.9665227461e+00, 4.8763691169e+00, 4.8898150679e+00, 4.8694316476e+00, 4.7273449759e+00, 4.5635544608e+00, 0.0000000000e+00 ],
[ 3.6464346005e+00, 4.5164102657e+00, 4.6951683566e+00, 4.7952411625e+00, 4.7143677715e+00, 4.8886459310e+00, 4.6875712257e+00, 4.7564608597e+00, 4.6774983896e+00, 4.5382380001e+00, 0.0000000000e+00 ],
[ 3.3251197489e+00, 4.2988929611e+00, 4.3232352932e+00, 4.4798318427e+00, 4.4348036140e+00, 4.4250081242e+00, 4.5569920480e+00, 4.2349964204e+00, 4.4618281015e+00, 4.4817114034e+00, 0.0000000000e+00 ],
